HYPER_PARAMETER_OPTIMIZATION_CV: 10
HYPER_PARAMETER_OPTIMIZATION_SCORING: accuracy
HYPER_PARAMETER_VAR_SMOOTHING: [1e-09, 0.010000001, 0.020000001, 0.030000001, 0.040000001, 0.050000001, 0.060000001, 0.070000001, 0.080000001, 0.090000001, 0.100000001, 0.110000001, 0.120000001, 0.130000001, 0.140000001, 0.150000001, 0.160000001, 0.170000001, 0.180000001, 0.190000001, 0.200000001, 0.210000001, 0.220000001, 0.230000001, 0.240000001, 0.250000001, 0.26000000100000004, 0.27000000100000004, 0.28000000100000005, 0.290000001, 0.300000001, 0.310000001, 0.32000000100000003, 0.33000000100000004, 0.34000000100000005, 0.35000000100000006, 0.360000001, 0.370000001, 0.38000000100000003, 0.39000000100000004, 0.40000000100000005, 0.41000000100000006, 0.420000001, 0.430000001, 0.44000000100000003, 0.45000000100000004, 0.46000000100000005, 0.47000000100000006, 0.480000001, 0.490000001, 0.500000001, 0.510000001, 0.520000001, 0.530000001, 0.540000001, 0.550000001, 0.560000001, 0.570000001, 0.5800000009999999, 0.5900000009999999, 0.600000001, 0.610000001, 0.620000001, 0.630000001, 0.640000001, 0.650000001, 0.660000001, 0.670000001, 0.680000001, 0.690000001, 0.700000001, 0.7100000009999999, 0.720000001, 0.730000001, 0.740000001, 0.750000001, 0.760000001, 0.770000001, 0.780000001, 0.790000001, 0.800000001, 0.810000001, 0.820000001, 0.830000001, 0.8400000009999999, 0.850000001, 0.860000001, 0.870000001, 0.880000001, 0.890000001, 0.900000001, 0.910000001, 0.920000001, 0.930000001, 0.940000001, 0.950000001, 0.9600000009999999, 0.970000001, 0.980000001, 0.990000001]
INPUT_EVALUATION_FILE: ../data/preprocessed/difference_preprocessed_evaluation_dataset.csv
INPUT_TRAINING_FILE: ../data/preprocessed/difference_preprocessed_training_dataset.csv
LABELS: ['Operational', 'Bankrupt']
METHOD_NAME: naive_bayes
OUTPUT_MODEL: ../data/models/naive_bayes_model_09_05_2022-13_08_07.pkl
OUTPUT_RESULTS: ../data/results/naive_bayes_model_09_05_2022-13_08_07.txt
RANDOM_SEED: 42
TIMESTAMP: 09_05_2022-13_08_07
VERBOSITY: 2
all_samples_count: 5455
bankrupt_prior_propability: 0.03226397800183318
bankrupt_samples_count: 176.0
evaluation_accuracy: 0.5893939393939394
evaluation_confusion_matrix: True operational=1316, True bankrupt=8, False operational=4, False bankrupt=36
operational_prior_propability: 0.9677360219981668
operational_samples_count: 5279.0
parameters: {'classification__var_smoothing': [1e-09, 0.010000001, 0.020000001, 0.030000001, 0.040000001, 0.050000001, 0.060000001, 0.070000001, 0.080000001, 0.090000001, 0.100000001, 0.110000001, 0.120000001, 0.130000001, 0.140000001, 0.150000001, 0.160000001, 0.170000001, 0.180000001, 0.190000001, 0.200000001, 0.210000001, 0.220000001, 0.230000001, 0.240000001, 0.250000001, 0.26000000100000004, 0.27000000100000004, 0.28000000100000005, 0.290000001, 0.300000001, 0.310000001, 0.32000000100000003, 0.33000000100000004, 0.34000000100000005, 0.35000000100000006, 0.360000001, 0.370000001, 0.38000000100000003, 0.39000000100000004, 0.40000000100000005, 0.41000000100000006, 0.420000001, 0.430000001, 0.44000000100000003, 0.45000000100000004, 0.46000000100000005, 0.47000000100000006, 0.480000001, 0.490000001, 0.500000001, 0.510000001, 0.520000001, 0.530000001, 0.540000001, 0.550000001, 0.560000001, 0.570000001, 0.5800000009999999, 0.5900000009999999, 0.600000001, 0.610000001, 0.620000001, 0.630000001, 0.640000001, 0.650000001, 0.660000001, 0.670000001, 0.680000001, 0.690000001, 0.700000001, 0.7100000009999999, 0.720000001, 0.730000001, 0.740000001, 0.750000001, 0.760000001, 0.770000001, 0.780000001, 0.790000001, 0.800000001, 0.810000001, 0.820000001, 0.830000001, 0.8400000009999999, 0.850000001, 0.860000001, 0.870000001, 0.880000001, 0.890000001, 0.900000001, 0.910000001, 0.920000001, 0.930000001, 0.940000001, 0.950000001, 0.9600000009999999, 0.970000001, 0.980000001, 0.990000001]}
prior_propabilities: [0.9677360219981668, 0.03226397800183318]
training_accuracy: 0.5500944996469717
training_confusion_matrix: True operational=5268, True bankrupt=18, False operational=11, False bankrupt=158
